              precision    recall  f1-score   support

           0       0.94      0.94      0.94        32
           1       0.79      1.00      0.88        78
           2       1.00      0.94      0.97        36
           3       1.00      0.78      0.88        36
           4       1.00      0.79      0.88        29
           5       1.00      0.97      0.98        30
           6       1.00      1.00      1.00        18
           7       0.93      0.81      0.87        16
           8       1.00      0.85      0.92        13
           9       1.00      1.00      1.00        10

    accuracy                           0.92       298
   macro avg       0.97      0.91      0.93       298
weighted avg       0.93      0.92      0.92       298
